% Step response ref 50.rpm 
% PID : 0.5 1.5 0.3 
% Filter : 0.2
% Sample_Time 200 ms
V = [
1.31		0.00
2.85		0.00
4.42		0.00
5.73		0.00
7.12		0.00
8.37		1.33
9.75		2.87
10.86		4.54
11.73		6.47
12.78		8.60
13.73		10.77
14.58		12.26
15.68		13.81
16.89		15.21
17.58		16.25
18.60		17.19
19.52		18.25
20.35		19.45
21.09		20.54
22.01		21.26
23.14		22.17
23.61		22.98
24.58		23.71
25.45		24.67
25.94		25.24
26.68		26.42
27.71		27.48
28.65		28.43
29.12		29.30
29.91		29.70
31.08		30.90
31.68		31.51
32.21		32.06
33.16		33.02
34.01		33.89
34.78		34.20
35.47		34.95
36.09		35.62
36.18		36.23
36.73		36.77
37.22		36.80
37.20		37.28
38.25		37.72
38.59		37.65
38.90		38.05
39.17		37.95
39.42		38.92
40.24		39.19
39.92		40.04
40.10		40.79
40.25		40.88
40.39		40.96
40.06		40.57
40.22		40.68
40.36		41.37
40.03		41.40
40.19		42.02
40.34		41.99
40.47		41.49
40.59		41.51
40.70		41.53
40.80		41.54
40.42		42.15
41.14		42.69
41.19		43.19
41.24		43.63
41.28		43.43
41.92		43.26
41.89		43.10
42.46		42.96
42.98		42.83
43.44		43.31
43.86		42.68
44.24		42.58
44.58		42.49
44.88		41.94
44.56		41.91
44.27		41.89
44.01		42.46
43.31		42.98
43.74		42.85
43.54		43.32
42.89		42.70
42.76		42.59
42.65		42.50
42.09		42.42
42.05		42.34
42.61		42.87
42.51		42.75
42.43		42.18
42.35		42.13
42.28		42.08
41.76		41.58
42.34		42.18
42.28		42.13
42.22		42.68
42.76		42.58
43.24		42.49
43.08		42.40
42.48		42.33
42.40		42.26
42.33		42.20
41.80		41.32
41.78		41.35
41.77		41.38
41.76		41.41
41.75		41.44
41.74		42.06
42.33		41.55
42.86		41.10
42.74		41.16
42.63		41.80
42.54		41.79
42.45		41.78
42.37		42.36
42.30		42.29
41.77		42.23
41.76		42.17
41.75		42.72
41.28		42.15
41.32		41.64
41.95		41.18
41.92		41.23
41.90		41.87
41.87		41.85
41.85		41.83
41.37		41.81
41.40		41.33
41.43		41.37
41.45		40.94
41.47		41.01
41.49		41.07
42.10		41.13
42.06		40.72
42.02		40.82
41.52		40.90
41.07		40.52
41.13		40.63
41.19		40.73
40.77		40.83
40.40		40.91
40.53		40.99
40.64		41.06
40.28		41.12
40.42		40.71
40.54		40.80
40.19		40.43
40.34		40.55
40.47		40.66
40.13		40.76
39.82		40.85
40.00		40.93
39.71		41.01
39.44		40.61
39.20		40.72
39.45		40.81
38.84		40.43
39.12		40.09
39.37		39.79
38.77		39.98
38.60		39.68
38.44		39.88
38.76		40.06
38.22		39.76
39.95		39.95
39.66		40.12
39.03		39.81
38.83		39.53
38.65		39.28
38.49		39.06
38.81		39.32
38.63		39.09
38.93		39.35
38.74		39.12
38.57		39.37
38.88		39.14
39.16		38.56
39.41		38.87
39.64		38.69
39.38		38.52
39.61		38.84
39.81		39.12
39.53		38.91
38.91		39.19
38.73		38.97
39.02		38.78
38.82		38.60
39.11		38.45
39.36		38.31
39.59		38.18
39.34		38.53
39.57		38.38
39.78		38.24
39.51		37.75
39.72		38.14
39.92		38.50
39.63		38.35
39.83		38.68
40.02		38.98
40.18		38.79
40.33		38.61
40.46		38.45
40.58		38.78
39.86		38.23
40.04		38.11
40.20		38.47
40.35		38.79
40.48		39.08
40.60		38.87
40.71		39.15
40.34		38.94
40.47		39.81
40.59		39.99
40.24		40.16
40.38		40.31
40.51		40.45
40.62		40.11
40.73		39.43
40.82		39.65
40.91		39.85
40.98		39.57
41.05		39.32
41.11		39.55
41.17		39.30
41.81		39.54
41.80		39.75
41.79		39.94
41.77		39.65
41.30		39.85
41.34		40.03
40.91		39.74
40.98		40.52
41.05		40.64
40.65		40.74
40.75		40.83
40.84		40.92
40.93		40.99
40.54		40.60
40.65		40.70
40.75		40.80
40.01		40.89
40.18		40.96
40.32		41.03
40.46		41.69
40.12		41.23
40.27		41.27
39.95		41.31
39.66		40.51
39.39		40.63
39.16		41.33
38.95		41.36
39.22		41.39
39.00		40.96
39.27		40.56
39.04		39.84
38.84		40.02
39.13		40.19
38.92		40.93
38.73		41.00
39.02		40.61
38.45		40.71
38.78		40.81
38.60		40.89
38.91		40.97
38.35		40.21
38.68		40.35
38.98		40.49
39.25		40.14
39.03		40.29
39.29		40.43
39.07		40.09
39.33		40.25
39.56		40.39
39.77		40.52
39.50		39.80
39.25		39.99
39.49		40.15
38.88		40.90
39.16		40.98
39.41		40.58
39.63		40.23
39.37		40.37
39.60		40.50
39.81		40.16
39.53		39.47
39.75		39.69
39.94		39.43
40.11		38.82
40.27		38.64
40.41		38.94
40.53		39.21
40.65		39.46
40.28		39.68
40.42		39.88
40.08		39.59
40.24		39.80
39.92		39.99
39.63		40.16
39.84		40.31
40.02		40.44
40.18		40.10
39.50		39.80
39.25		39.98
39.49		40.15
39.71		40.30
39.91		40.44
40.08		40.10
40.24		40.26
40.38		40.99
40.51		41.06
40.63		41.12
39.90		40.71
40.08		40.81
40.23		40.89
40.38		40.51
40.51		40.62
40.62		40.73
40.73		40.82
40.82		40.44
40.91		40.57
40.98		40.68
40.59		40.31
40.70		40.45
40.79		40.57
40.88		40.22
41.55		40.36
41.56		40.49
41.58		40.61
41.12		40.25
41.77		40.39
41.76		40.52
41.29		40.17
41.33		40.32
41.36		40.46
41.39		40.11
41.42		39.81
41.44		39.99
41.47		40.16
41.02		39.48
40.62		39.23
40.73		39.48
40.82		39.70
40.91		39.43
40.98		39.19
41.05		38.98
40.65		39.24
40.75		39.49
40.38		39.70
39.68		39.44
39.87		39.66
40.05		39.86
39.75		39.58
39.48		39.79
39.24		39.98
39.48		40.14
39.23		40.30
39.48		39.97
39.70		39.68
39.43		39.41
39.65		39.64
39.39		39.84
39.16		40.02
39.41		40.19
39.63		40.34
39.84		40.01
39.56		39.71
39.31		39.91
39.54		40.08
39.75		39.78
39.48		39.97
39.24		40.14
39.48		40.29
38.87		40.43
38.68		40.55
38.98		40.66
38.79		40.30
39.07		40.44
38.87		40.56
38.69		40.21
38.52		40.35
38.37		40.48
38.24		40.60
38.58		39.88
38.89		39.59
38.71		39.80
38.17		39.15
38.06		39.40
37.95		39.63
38.32		39.83
38.66		39.55
38.50		39.30
38.35		39.08
38.22		39.34
38.56		39.57
38.41		39.32
37.90		38.72
38.28		39.01
38.62		39.28
38.46		39.52
38.32		38.90
38.19		38.71
38.54		39.01
38.39		38.44
38.72		38.30
39.01		38.64
38.81		38.48
39.10		38.80
39.36		38.62
39.59		38.46
39.79		38.78
39.98		39.07
40.15		39.33
39.84		39.56
40.02		39.77
40.19		39.96
40.33		40.13
40.47		40.29
41.18		40.42
41.23		40.55
40.81		40.20
40.90		39.88
40.97		40.06
40.58		40.22
40.69		40.37
40.79		40.50
40.87		40.15
40.95		40.30
41.03		40.44
41.09		40.56
40.68		40.67
41.38		40.77
42.00		40.86
41.51		40.11
41.52		40.26
41.54		40.40
41.55		41.13
41.56		41.18
41.57		41.23
41.58		40.81
41.13		40.43
41.18		41.15
41.23		41.20
41.27		40.42
41.31		40.08
41.35		40.24
41.38		40.38
40.95		40.51
41.02		40.62
41.08		40.73
41.14		39.99
41.19		40.16
41.84		40.31
41.82		40.44
41.80		40.10
41.79		40.26
41.78		40.40
41.30		40.06
41.34		40.22
41.37		40.37
40.94		40.04
40.55		40.20
40.66		40.94
40.76		41.01
40.85		40.62
40.93		40.26
40.54		40.40
40.19		40.06
40.34		40.22
40.47		39.90
40.59		39.62
40.24		39.82
39.92		39.54
40.09		39.29
39.79		38.70
39.97		38.53
40.14		38.84
39.83		38.29
40.02		38.17
40.18		38.52
40.33		38.83
40.46		39.12
40.58		39.37
40.69		39.60
40.79		39.81
40.88		39.53
40.49		39.28
40.15		38.69
40.30		38.98
40.44		39.25
40.10		39.49
40.25		39.71
40.39		39.44
40.06		39.67
39.39		39.40
39.15		39.63
39.40		39.83
39.63		39.55
39.83		39.76
39.55		39.96
39.30		40.13
39.08		39.82
38.87		40.00
38.69		40.17
38.15		39.86
38.50		40.04
38.82		40.20
38.27		40.94
38.61		41.01
38.45		41.08
38.31		41.14
38.18		41.19
38.07		41.24
38.43		40.82
37.92		40.44
37.83		40.56
37.75		40.67
38.14		40.77
38.03		40.86
37.93		40.94
37.84		40.55
37.39		40.66
37.82		40.76
38.20		40.85
38.09		40.47
38.45		40.13
38.30		40.88
38.64		40.96
38.94		40.56
39.22		40.67
39.46		40.77
39.22		40.40
39.00		41.12
39.27		41.18
39.51		40.76
39.72		40.85
39.92		40.93
40.09		41.01
40.25		41.07
40.39		41.13
40.52		41.19
40.17		40.77
40.32		40.86
40.45		40.94
40.58		40.55
40.69		40.66
40.78		40.30
40.87		39.97
40.49		40.14
40.61		39.83
40.71		39.55
40.34		39.30
40.48		39.07
40.60		39.33
40.70		39.57
40.80		39.78
40.89		39.50
40.96		39.72
40.57		39.45
40.68		39.67
40.78		39.87
40.87		39.59
40.95		39.33
41.02		39.10
41.08		39.36
41.74		38.76
41.73		38.59
41.72		38.89
41.26		38.71
41.89		39.00
41.87		38.81
41.85		38.26
41.83		38.60
41.81		38.44
41.80		38.30
41.32		38.64
41.36		38.48
41.39		38.80
40.95		38.62
41.02		38.93
41.09		38.37
40.31		37.86
39.99		37.41
39.32		36.70
38.42		35.41
37.35		34.25
35.84		32.79
34.01		31.10
32.20		29.32
30.31		27.31
28.23		25.51
26.36		23.88
24.32		21.49
22.48		19.35
20.83		17.41
18.75		15.67
16.87		14.10
15.19		12.69
13.67		11.42
12.30		10.28
11.07		9.25
9.96		8.33
8.97		7.49
8.07		6.75
7.26		6.07
6.54		5.46
5.88		4.92
5.29		4.43
4.77		3.98
4.29		3.58
3.86		3.23
3.47		2.90
